0 2
1 2
2 0
3 1
4 2
5 0
6 0
7 1
8 2
9 1
10 2
11 1
12 0
13 2
14 2
15 2
16 0
17 0
18 1
19 0
20 2
21 2
22 0
23 1
24 2
25 2
26 0
27 2
28 1
29 0
30 1
31 1
32 2
33 0
34 1
35 1
36 1
37 1
38 1
39 1
40 2
41 1
42 1
43 1
44 2
45 2
46 0
47 2
48 0
49 0
50 2
51 1
52 2
53 2
54 1
55 1
56 0
57 1
58 2
59 1
60 1
61 0
62 0
63 1
64 1
65 2
66 1
67 0
68 0
69 0
70 2
71 0
72 0
73 2
74 1
75 1
76 1
77 2
78 0
79 0
80 1
81 0
82 1
83 0
84 0
85 1
86 1
87 1
88 0
89 0
90 1
91 2
92 1
93 1
94 0
95 0
96 2
97 1
98 2
99 1
100 1
101 0
102 2
103 2
104 0
105 1
106 0
107 0
108 1
109 2
110 2
111 0
112 0
113 2
114 0
115 2
116 1
117 0
118 0
119 0
120 0
121 2
122 1
123 0
124 0
125 2
126 0
127 0
128 0
129 0
130 2
131 2
132 0
133 0
134 0
135 1
136 0
137 0
138 0
139 0
140 2
141 2
142 0
143 1
144 1
145 1
146 2
147 0
148 0
149 2
150 2
151 1
152 0
153 1
154 2
155 0
156 1
157 1
158 1
159 0
160 2
161 2
162 0
163 1
164 1
165 2
166 2
167 1
168 1
169 0
170 1
171 2
172 0
173 1
174 2
175 2
176 0
177 2
178 2
179 0
180 1
181 1
182 1
183 0
184 2
185 2
186 2
187 1
188 2
189 1
190 2
191 1
192 0
193 1
194 0
195 2
196 2
197 0
198 1
199 0
200 0
201 2
202 1
203 1
204 2
205 1
206 1
207 2
208 0
209 1
210 0
211 2
212 2
213 0
214 1
215 2
216 1
217 2
218 2
219 1
220 2
221 2
222 0
223 1
224 1
225 1
226 2
227 2
228 2
229 2
230 0
231 1
232 2
233 0
234 0
235 2
236 2
237 1
238 0
239 1
240 0
241 1
242 0
243 0
244 1
245 1
246 2
247 1
248 1
249 1
250 2
251 1
252 1
253 0
254 0
255 2
256 2
257 1
258 1
259 0
260 0
261 2
262 0
263 0
264 1
265 1
266 2
267 2
268 1
269 0
270 2
271 0
272 2
273 0
274 0
275 0
276 1
277 1
278 2
279 0
280 2
281 1
282 0
283 1
284 0
285 2
286 0
